10
233
43
213
103
110
165
0
194
169
244
206
182
187
218
106
29
55
121
152
69
251
125
175
112
117
193
63
107
6
214
232
83
122
160
27
36
227
84
9
149
136
247
240
14
200
141
50
198
87
190
19
65
229
157
223
172
226
177
144
108
60
15
44
12
170
201
22
20
192
146
167
208
163
242
79
127
98
75
45
129
156
202
189
26
162
248
32
123
30
80
191
71
23
188
16
164
92
215
76
138
255
228
196
42
70
142
173
104
222
241
134
254
105
249
61
34
40
53
253
130
159
41
205
216
171
238
74
179
132
85
52
72
155
137
18
224
210
33
59
183
220
8
37
115
64
252
150
51
81
199
49
28
178
234
118
13
184
140
7
86
209
195
197
212
109
219
131
243
2
68
93
133
96
116
211
225
67
231
114
89
35
161
168
90
207
94
126
203
57
145
78
119
95
17
180
113
101
21
176
158
143
120
38
128
124
82
31
148
11
73
25
186
239
154
147
62
135
5
46
4
151
77
217
221
48
3
88
91
58
250
246
237
54
204
245
166
56
139
97
1
66
174
47
102
24
236
99
100
153
39
235
181
185
111
230
