27
141
115
232
69
225
143
93
37
155
82
132
118
193
43
209
181
48
242
135
188
224
17
89
200
131
202
160
15
205
24
206
81
20
178
233
237
165
98
255
150
122
33
70
159
157
156
26
251
210
104
12
78
112
110
207
128
196
191
84
6
154
222
28
151
212
23
192
68
194
203
238
230
186
79
241
74
204
36
40
102
187
228
52
152
95
240
179
30
100
136
22
113
25
96
66
153
34
243
75
14
7
168
117
226
65
121
57
245
227
58
239
50
120
199
177
60
145
80
119
253
129
218
249
62
64
248
56
244
35
39
4
19
175
254
208
140
250
42
3
76
170
5
1
59
124
235
77
111
18
184
29
123
130
164
234
211
21
2
32
44
172
97
92
185
49
217
55
166
101
158
67
91
114
16
46
161
246
216
116
71
103
107
38
127
94
90
8
167
0
144
176
220
108
31
72
139
201
149
83
9
105
180
219
214
51
148
63
195
126
197
61
236
252
106
41
88
173
146
87
138
47
133
142
99
231
53
189
73
147
109
125
215
198
221
134
85
213
190
13
182
86
137
10
54
45
162
11
229
171
223
169
174
183
163
247
